326.887
1686
102.445
1575.23
1505.95
197.531
1750.96
1498.49
600.626
1698
268.837
1722.47
1191.68
331.753
1136.57
590.555
1296.11
503.13
1299.42
1613.52
1351.2
1916.18
454.393
1653.3
394.637
465.401
1791.36
154.367
54.3362
1027.12
639.436
1331.58
524
1967.03
161.611
1734.43
1451.07
1205.62
480.095
1870.32
341.385
1304.38
944.86
200.601
1537.54
1819.46
551.13
123.774
1791.92
1443.69
372.085
1559.12
1463.17
916.97
174.84
1993.89
1384.74
1392.36
439.212
1529.22
249.077
600.213
380.373
1841.94
1755.88
1145.99
1746.85
641.603
1683.44
1027.31
1094.99
1256.54
11.52
1152.45
1390.4
1583.97
588.399
1657.23
1497.13
719.364
909.317
897.652
326.529
1368.32
139.31
1565.77
362.245
146.292
1952.99
1523.36
1678.62
961.478
635.892
1818.54
105.38
398.865
1225.4
936.505
932.833
1191.1
89.4702
1190.61
792.887
192.582
777.626
1823.16
68.2405
643.919
1758.73
1187.86
1386.18
830.827
1892.06
398.314
555.607
1066.57
1053.9
1696.38
626.854
533.369
1620.33
1224.28
1479.97
1844.92
1523.8
1477.08
256.918
1849.24
511.54
272.31
1335.69
484.725
333.845
1635.09
1444.73
170.298
995.886
446.392
237.446
542.776
94.6462
1856.83
571.738
691.569
1114.89
735.744
1053.59
717.531
1849.22
895.471
1217.2
1354.33
1428.52
19.0389
425.197
297.319
1727.91
858.833
1846.93
681.728
1459.5
1249.55
1566.68
1137.25
1412.51
937.789
260.616
247.717
889.26
349.259
961.44
209.968
1376.12
1228.98
937.436
1253.77
1573.05
1808.55
1957.56
323.85
313.386
1239.54
1580.54
1854.94
1401.64
11.9178
373.64
1992.21
802.466
848.324
434.935
670.886
274.145
912.274
862.2
1448.14
734.645
1726.56
1974.61
263.767
1272.6
1975.18
1316.6
174.11
272.176
218.57
199.432
1403.95
1960.83
1179.41
1008.71
526.49
1920.72
243.974
793.112
222.299
930.461
619.246
738.709
1055.38
479.893
371.892
1734.62
716.96
887.604
1645.4
859.885
1071.71
1217.38
1879.63
960.139
723.074
617.329
1252.74
1460.96
1606.29
162.623
1183.88
1989.26
104.08
609.375
221.989
840.668
803.899
1697.92
1665.25
1130.9
1516.2
211.646
1180.42
1841.52
836.323
634.952
1770.62
635.733
238.414
1699.3
1263.49
578.955
1410.28
1422.94
1145.88
269.297
514.502
1956.81
1694.01
1451.89
784.192
691.972
1238.33
1922.71
1603.94
559.948
1186.85
12.3317
164.14
4.1797
72.0292
1177.06
946.494
373.778
1782.35
701.531
1661.26
302.353
1558.39
742.169
1310.23
1229.71
1843.76
1205.27
1088.12
754.162
1031.15
311.302
263.007
942.836
409.184
1289.74
766.268
1808.75
1325.99
229.035
1333.74
692.054
945.032
1702.86
102.805
1448.56
1228.49
1435.04
478.444
415.779
1146.85
1180.01
1753.83
1347.1
1659.48
768.527
382.007
1824.67
1216.97
701.371
1971.52
1856.8
1915.35
1084.08
1610.41
780.494
896.979
1299.83
484.243
1643.64
1101.78
334.954
884.608
648.328
1072.29
1788.64
1135.84
915.831
248.5
390.281
296.82
832.568
35.4646
1880.13
1899.21
748.659
902.418
187.263
139.092
1677.75
44.1491
730.856
1616.4
1244.57
879.828
307.869
1651.73
654.002
848.747
1660.09
858.641
1468.28
1088.24
1110.58
1783.83
57.464
1712.72
962.396
1712.72
512.04
172.873
863.271
1020.67
963.698
618.631
257.997
987.508
652.372
667.411
1490.27
1675.82
931.069
1114.28
131.817
1716.69
1136.51
1370.28
112.209
740.558
648.317
1333.76
62.4448
497.796
1574.05
1141.71
29.0031
1543.17
1329.03
1987.41
714.453
279.249
1272.89
1537.63
959.827
1934.52
1082.78
254.27
829.791
600.632
186.244
1333.12
269.746
1057.38
108.457
645.478
1832.4
528.162
908.436
127.596
1273.81
1527.23
278.999
151.401
1734.04
86.6374
134.732
1114
296.894
826.648
151.956
353.182
192.194
1226.23
1534.57
658.339
1754.08
12.7844
230.781
1658.69
1714.53
1548.4
274.537
784.931
1402.57
60.2114
1575.45
1854.12
1016.6
1535.6
1297.44
622.19
443.618
615.148
1102.25
1369.45
1296.29
1574.2
668.261
771.226
826.324
1750.96
431.343
1654.12
197.942
1468.72
811.159
1896
1494.31
1425.12
1700.29
139.044
1214.18
1947.51
1914.6
862.508
165.818
251.054
1195.98
649.928
1995.76
261.359
1400.55
1009.55
1295
313.182
1615.89
927.147
1051.87
457.435
1226.65
1700.09
1173.32
576.943
1772.44
990.235
1896.89
2001.05
478.543
851.301
258.976
1937.71
701.068
835.385
1817.16
1112.4
1114.77
675.888
1193.88
464.993
1710.09
1382.89
1752.19
866.401
1991.89
510.651
292.35
869.229
531.205
988.6
1679.57
281.231
185.51
1555.46
1978.19
43.7796
1551.38
372.301
1834.62
1545.63
1786.48
1097.13
1919.95
1354.83
1681.61
670.062
1187.09
542.373
532.67
478.844
104.862
1262.45
953.898
75.7463
1385.48
1109
1105.52
711.099
1869.94
493.273
1353.16
1756.29
581.099
303.923
350.073
671.59
1091.24
1734.49
998.826
1001.21
279.849
1257.96
781.622
1681.89
1751.87
993.705
1544.26
1559.55
653.81
121.081
951.343
1845.37
1895.75
1360.82
546.699
577.574
1690.89
1068.43
1525.33
1762.06
899.092
1.42304
1732.05
434.038
947.651
336.233
225.587
1056.78
664.352
1086.18
1222.64
995.078
1417.46
1705.36
1550.69
347.948
1012.67
1130.79
562.585
1560.1
462.558
149.844
70.6004
441.779
266.995
58.4476
730.357
1272.22
808.623
1673.47
143.858
1899.64
1667.16
317.156
135.294
1741.56
658.067
396.872
787.7
474.317
156.044
1436.53
1584.83
603.585
1438.27
178.496
818.872
493.283
765.622
651.097
215.151
1399.69
1677.6
205.928
1288.2
1331.42
681.225
1697.49
1054.37
1629.97
1855.75
85.5353
1436.19
1502.96
312.007
899.015
1732.19
302.529
291.598
468.904
1386.29
1276.99
514.22
313.133
834.923
124.264
678.689
741.251
188.95
1692.74
1333.27
1309.19
1692.54
77.3492
883.941
1037.09
862.925
804.074
924.455
736.815
1265.34
1717.75
1101.94
1806.21
31.5971
1171.23
1718.38
1674.4
949.206
33.9472
973.129
211.243
1029.96
1605.17
1722.6
1367.26
409.219
1515.21
113.151
976.271
635.271
1351.23
548.597
360.883
1377.69
323.297
140.635
969.114
232.482
14.3946
95.1942
1935.43
1250.25
223.567
1725.4
608.539
1789.79
164.52
586.555
1902.55
954.21
1314.36
1058.27
887.986
444.199
1055.74
1781.84
325.487
192.767
1762.29
1688.94
423.836
1089.66
347.489
858.944
1645.47
18.2533
1263.69
1825.47
46.3995
1028.22
131.614
1195.68
1010.2
1007.65
933.267
927.807
28.1923
1631.1
1946.24
102.042
722.573
508.817
1305.12
1094.97
1834.91
1473.84
239.404
742.88
317.037
763.717
639.48
883.994
1775.52
590.076
1245.9
178.758
540.558
550.735
657.584
1482.88
915.364
431.835
309.978
34.7256
1909.91
1107.66
115.494
1026.65
1650.8
1768.01
1126.71
1245.08
172.766
1743.18
225.929
646.056
365.86
46.8577
495.367
1396.02
1432.31
882.673
1409.42
1079.81
1806.35
187.438
1218.28
1490.32
1627.37
106.854
1761.72
573.317
1467.43
578.447
390.485
272.69
1691.43
635.308
62.726
328.556
45.7754
571.725
112.248
1521.17
839.816
804.97
1172.27
505.226
411.495
0.0197826
1230.86
1668.97
1742.56
650.59
424.592
536.723
1578.5
1570.68
1081.19
1012.16
224.354
1594.65
499.132
760.459
1509.08
528.815
761.5
861.731
143.126
1563.69
1459.34
401.619
1972.91
200.921
963.254
484.369
902.183
248.29
749.741
818.699
1484.15
1217.77
682.576
818.488
137.006
326.594
35.3046
1589.32
791.501
1938.73
363.195
1455.95
156.737
1276.83
1356.09
1967.11
579.243
1646.15
1551
1592.33
1845.05
1534.29
1534.09
517.309
1554.86
116.257
1943.65
322.012
1109.01
612.506
1161.29
1384.72
1326.48
1956.71
206.077
72.2406
1445.02
1188.8
713.009
732.137
1819.58
556.01
1850.09
1258.03
18.7201
530.62
1678.52
481.135
1523.88
927.615
47.5644
1016.62
638.454
131.209
425.799
1996.04
754.944
1640.99
76.2947
889.657
1764.35
1123.95
955.758
729.584
828.138
1345.38
177.52
708.401
173.459
88.0825
591.037
750.41
1645.84
105.775
385.895
865.403
1187.37
143.909
1008.46
1720.5
750.078
207.414
559.127
1744.98
1592.31
1302.41
1947.01
1206.52
1034.91
1290.83
297.867
1065.41
337.217
1272.41
1919.54
95.8842
1149.17
320.146
356.335
1437.9
1112.56
373.619
1751.26
553.148
1278.87
1500.6
1787.74
316.147
785.821
803.646
1220.17
553.065
299.91
1089.24
962.599
976.928
1714.19
384.792
949.242
1775.59
265.935
581.823
806.319
48.0464
1563.91
1335.42
1949.39
267.065
1909.65
183.102
805.083
1076.97
1972.67
540.975
764.761
1675.56
1353.71
1949.65
1811.47
1346.97
157.879
1868.17
1597.87
13.9776
885.692
366.812
879.179
148.405
142.251
584.205
1659.13
364.959
123.026
73.3924
1621.28
449.21
